-257.6051095
-256.8028672
-254.2957997
-256.1757784
-256.9091034
-257.4172064
-258.5704027
-259.1626803
-257.7102394
-257.0897918
-256.8449506
-256.536315
-255.963468
-256.4155587
-256.4098205
-256.2880396
-256.2722162
-256.5781408
-256.1404806
-256.4718441
-256.4826865
-255.8145158
-256.9948951
-255.0883491
-255.6334281
-256.2219082
-255.9269706
-256.0300955
-256.049767
-255.6757081
-256.7432243
-257.7747923
-257.3322659
-257.8506854
-256.1094702
-256.6582841
-257.1188419
-257.2720185
-256.80692
-256.5379357
-257.5099558
-257.9059009
-257.9532876
-257.3379821
-255.9080864
-256.694506
-256.6673214
-256.8029457
-257.4505682
-257.4240692
-255.6373073
-256.5157541
-256.6935245
-256.7389327
-257.194372
-256.8460144
-256.7287994
-254.8896432
-257.4126699
-255.9134855
-254.8315871
-255.5585256
-255.4065074
-256.2611023
-255.6937168
-256.1747849
-257.1392658
-256.2325647
-255.3933252
-256.2178145
-256.4236452
-255.6704172
-257.2497525
-255.201831
-256.8509668
-256.4129809
-256.2241745
-257.4227562
-257.1703609
-254.9987614
-256.1949504
-257.794897
-257.2198305
-256.6401233
-256.8277545
-256.3999534
-257.2947445
-255.2086686
-256.8119137
-256.4639136
-257.307314
-257.1674504
-256.3601774
-256.8901933
-256.6008269
-254.6126273
-256.2450263
-256.7552249
-257.2953935
-256.8917033
-256.1097267
-256.2196611
-255.2809621
-257.8054708
-257.577833
-257.2500548
-256.8633751
-255.5865437
-256.2964004
-256.309006
-257.0662898
-257.7922939
-257.302041
-256.1526472
-256.3564708
-255.9414428
-256.5884902
-257.3828385
-256.9473711
-257.0051183
-257.0704865
-256.3978995
-257.1268267
-257.0783677
-257.0841497
-255.760424
-255.8586743
-257.9998598
-257.1688927
-255.5548566
-257.8464105
-257.6661885
-257.7858615
-256.8396183
-257.4471769
-258.5274616
-257.4258763
-255.8961509
-255.943547
-256.2670134
-255.8471301
-255.8670904
-257.2307068
-257.5314315
-256.3626963
-257.9063515
-257.404068
-257.145643
-257.4385525
-256.3442301
-256.7364693
-257.0972662
-255.255548
-256.5820774
-257.2115994
-256.6942765
-256.8730532
-256.7330662
-256.5699841
-256.876169
-256.2789718
-257.3243675
-256.3706212
-258.1204758
-257.8491348
-257.9175898
-257.5556946
-255.386205
-257.8215451
-258.4102726
-255.8774358
-256.4897888
-256.8850782
-254.4218922
-256.4781318
-256.491067
-255.5485567
-256.7718978
-256.1679008
-255.9123666
-256.1236838
-255.9299176
-257.0173733
-256.0366192
-256.3175901
-256.1379878
-255.044603
-255.2278178
-255.6477831
-254.6018757
-256.4247654
-255.7584215
-255.22347
-256.3502915
-255.8460808
-256.1325681
-255.572849
-255.837986
-257.4444269
-255.7882716
-255.995318
-256.2591307
-256.3345309
-255.9999177
-255.1937037
-255.8731869
-256.5530191
-256.8346656
-256.2114991
-255.160115
-256.4368501
-255.8053089
-255.4047682
-255.4412365
-256.3790281
-255.9241436
-256.2883492
-256.4007099
-256.2043252
-255.4283256
-256.1189016
-256.5817523
-255.4085995
-255.5503071
-255.5614782
-256.0242608
-255.1892862
-255.1305356
-256.7596652
-255.8499243
-256.3721692
-255.0673842
-256.1973897
-255.8378485
-256.0224473
-254.8141719
-256.3823518
-256.4124926
-255.6070329
-256.8216309
-256.5307443
-256.0489855
-255.6377762
-256.3928067
-255.9801723
-255.3199131
-256.4031461
-256.8773741
-257.3032454
-257.2101172
-257.1299538
-256.4392114
-256.4987241
-256.3185785
-256.5922739
-255.5312497
-255.86277
-255.9119016
-256.0002332
-255.9640762
-256.9491287
-255.9731094
-256.1988791
-255.750742
-255.5005332
-255.6581692
-255.3221778
-255.8428307
-255.7641214
-255.637648
-256.7246559
-256.5629089
-256.6653455
-256.4525794
-256.682417
-256.7079037
-255.6745213
-256.5855667
-255.9490765
-256.0116928
-256.8270568
-257.9752758
-256.2745628
-255.4766461
-255.559053
-254.8490221
-254.6818199
-255.1208794
-256.2534596
-256.104041
-254.8522432
-254.0045804
-256.1875272
-254.877006
-256.0380794
-255.3469546
-256.2669472
-256.2687286
-254.984961
-254.7665541
-256.0500114
-255.9134782
-255.9266569
-256.2694782
-257.0599034
-256.5959005
-256.4506038
-255.5572109
-255.379192
-256.5162542
-256.6663823
-255.7259223
-256.0732039
-255.3771077
-255.6384461
-255.830688
-255.913235
-256.3250603
-255.708285
-256.5884257
-254.687065
-255.8032493
-254.5945854
-255.998115
-256.5375029
-256.0829604
-256.6658237
-255.5413229
-254.6664481
-256.5185269
-255.1811279
-255.7401586
-255.1283047
-255.2388569
-255.2757186
-255.2732365
-255.7256673
-255.2394567
-255.7130034
-256.5634708
-254.9315614
-255.6831558
-254.8222375
-256.7064275
-256.38726
-254.6568973
-253.9750792
-255.1753124
-255.5562691
-255.1585161
-253.7587863
-255.2894035
-254.643593
-255.3798511
-255.5572268
-254.7821082
-254.5370139
-255.6665024
-254.1742548
-255.4110776
-256.3009874
-253.9494176
-255.6022518
-256.047923
-254.4077446
-255.8730195
-255.844544
-255.9221894
-255.7258199
-255.7336709
-255.7385637
-253.7028141
-256.1727523
-255.1174086
-255.4001049
-255.3963159
-255.8018193
-255.393663
-253.1596556
-254.9115083
-255.881523
-254.1381933
-254.3063594
-256.1214306
-255.2832587
-255.1825984
-255.2519902
-253.8118068
-254.3831373
-255.5724048
-255.8342675
-254.3760105
-255.7309667
-255.7130794
-255.5417263
-254.5954932
-255.0258745
-254.276667
-253.4323823
-255.686625
-255.6639367
-254.778774
-255.0924693
-255.1417122
-255.3921703
-255.5359007
-253.8325059
-255.5282909
-254.2328802
-254.9149001
-255.3774306
-254.8485078
-254.8248021
-255.3519724
-255.7744415
-254.9549937
-255.2045934
-255.4907803
-255.1400776
-256.2210668
-254.1175054
-254.7883145
-254.9063012
-254.5888667
-255.3679541
-254.653681
-256.3822515
-255.2625928
-255.1747838
-252.9489862
-255.3148659
-254.8397826
-255.3940026
-255.674175
-253.7256288
-254.0774577
-254.7790621
-255.0742773
-255.4173909
-256.2595342
-254.5133708
-255.7953513
-254.9512425
-254.727906
-254.800429
-254.5509969
-255.7241585
-254.5070614
-254.4699369
-255.4584579
-256.1762536
-254.3776969
-255.6436247
-255.4662933
-255.469934
-255.0728499
-254.9478656
-254.9545113
-255.7135133
-255.3555811
-254.9152359
-256.2454838
-255.816703
-255.0929946
-254.5013375
-256.2814425
-254.8566413
-255.2362917
-254.8839396
-255.331672
-255.1559168
-256.5506514
-255.4246233
-254.911217
-255.5045212
-255.224751
-255.2788299
-255.5490236
-254.4964919
-255.127082
-255.0962838
-255.0755372
-255.4100648
-253.7040959
-255.3470294
-255.3591753
-254.0055504
-255.396484
-254.9266448
-255.0244611
-256.3642121
-256.5271762
-255.9032537
-254.1848638
-255.3336741
-255.1284645
-255.8225955
-255.9106697
-254.8076153
-254.1823062
-255.4420926
-255.5980817
-255.9146419
-255.2976864
-254.0526492
-254.6044112
-254.3182875
-254.4490688
-254.3713101
-255.7241251
-255.1179595
-254.9467324
-252.8135569
-255.1682935
-254.7588598
-254.0521087
-255.096563
-253.3002351
-254.7306803
-255.5697438
-252.7667965
-255.0448321
-251.5304468
-254.9550898
-255.1336691
-254.4715311
-253.4170429
-254.7529048
-253.7330639
-253.7016382
-254.436689
-254.4517933
-253.5953022
-254.5680641
-253.0264876
-254.4365943
-254.5154794
-254.0684336
-253.7659827
-253.8587718
-253.7806489
-254.5517334
-255.0196587
-254.3662777
-254.4930809
-254.8690613
-253.3853979
-255.1131973
-254.3361334
-253.8117667
-254.2368783
-253.7025808
-253.8310034
-254.2182849
-253.545157
-254.5138194
-254.0155002
-255.0409286
-254.235306
-253.4190563
-254.2163735
-254.8460652
-252.8816616
-254.4428422
-255.1649649
-253.4743599
-253.3424688
-254.7198781
-254.1402307
-253.9771945
-253.4350338
-253.9771096
-254.3556745
-254.3706086
-253.5520236
-254.7138838
-253.3023292
-253.5503168
-254.5515187
-254.0921048
-253.2672496
-254.3812501
-253.3177227
-254.327963
-253.980474
-254.2574384
-255.5203872
-255.1662547
-254.9629394
-254.1119828
-254.8893224
-255.2420731
-252.942903
-256.1857435
-256.157254
-252.5893632
-254.7080363
-254.3787313
-255.3747762
-256.0341271
-254.968488
-256.0466881
-255.4404611
-254.1007244
-255.6842349
-255.6937496
-254.7737619
-255.2836778
-255.8845477
-255.8098062
-255.6957385
-254.864187
-255.3325479
-251.8192582
-255.31858
-254.2513078
-254.4873876
-254.7623214
-255.3739274
-255.7588573
-254.4811771
-255.2770617
-254.5839347
-254.4671586
-255.3457871
-254.7391587
-253.7766852
-254.8402374
-253.7036781
-255.4469138
-255.4173749
-254.6978027
-253.8209942
-253.3450259
-255.090969
-254.9971846
-254.720132
-253.6361862
-253.3628504
-254.4407625
-252.7831974
-253.517212
-254.8203778
-254.8472942
-253.4391164
-255.2514168
-253.4961825
-253.9585329
-254.1691991
-254.3535438
-253.7202001
-253.7185667
-255.3784313
-254.4582226
-253.8704519
-254.6229037
-255.1573159
-254.5754623
-253.7831056
-254.7449553
-253.8390378
-252.8827732
-254.4312899
-254.1091563
-253.448557
-253.9430157
-253.5125248
-253.0409712
-254.4926244
-255.7266769
-254.8422585
-254.8284913
-255.6505849
-255.544665
-251.9520444
-255.6366124
-255.4889698
-254.6765826
-254.9365064
-256.1157738
-255.0825334
-255.4519192
-254.8376302
-255.4710973
-255.1367302
-255.9399125
-253.7773715
-254.1564296
-254.0610577
-254.8231277
-253.0310808
-255.1961331
-252.8397952
-253.6920882
-252.9828182
-254.5385947
-254.6151321
-254.2400439
-253.0708253
-254.5158151
-253.9061512
-253.5956863
-253.8421988
-252.4808826
-254.1700202
-254.0070565
-254.3029021
-253.0718546
-251.9200565
-253.4835683
-253.582961
-254.2410057
-253.750743
-253.2388096
-254.2784649
-252.060317
-253.7827521
-254.6978867
-253.6307236
-252.3918042
-253.7709868
-254.3138549
-253.2574335
-253.9086828
-254.1292418
-254.3340518
-253.4250438
-254.366454
-254.0002714
-251.9151912
-254.859694
-254.9839828
-254.3739921
-255.5979809
-253.2095777
-254.0607782
-254.0798562
-254.953688
-254.7638732
-255.3502067
-253.6150548
-255.2919805
-254.6161165
-254.3838453
-254.5561503
-253.2827708
-254.3058417
-254.9275049
-254.5932917
-255.079252
-253.5247414
-253.8150519
-254.2081198
-254.0628497
-254.167097
-254.601103
-254.1166004
-253.2242046
-253.5557129
-252.8418596
-254.6390778
-253.8479155
-255.1597903
-254.6485455
-254.5433933
-254.4248884
-253.3074135
-254.0447739
-254.3994386
-254.0519652
-253.0629565
-255.4597669
-254.6022183
-254.413082
-253.8308819
-254.8839561
-255.0812435
-254.6577271
-254.5506406
-253.6205453
-253.8883771
-254.4060801
-253.4078652
-254.1236304
-251.8739101
-254.3305884
-253.3340287
-255.5371134
-253.8401075
-254.5493255
-254.4098892
-254.4865964
-253.8269826
-254.1816656
-254.2495193
-252.5287486
-254.1340863
-254.5036508
-253.8564699
-254.6693143
-254.0282883
-253.4392398
-253.9904975
-254.2670666
-253.9094745
-253.6786528
-253.821728
-254.9476804
-253.517746
-254.1126147
-254.1939975
-253.6578377
-252.0000516
-254.3635236
-252.9336338
-252.5553434
-254.3400561
-254.1971662
-253.6198581
-252.2786981
-252.6334759
-253.4533384
-253.9289686
-252.8659242
-253.560525
-254.3066376
-254.9431928
-254.6293839
-250.2391277
-254.560185
-254.0737446
-255.4509046
-254.4561612
-254.0149456
-254.7417505
-254.1770145
-253.89819
-254.7824388
-254.4063633
-253.9987278
-254.942257
-254.4359787
-255.2205523
-254.3414632
-254.4619352
-254.3149176
-254.2808726
-254.0287118
-254.6264055
-254.8314642
-254.7487036
-254.1215676
-254.1428618
-254.2520984
-253.6648421
-252.6823159
-254.1406934
-255.0997993
-254.6814318
-254.0593052
-253.8550619
-253.7345896
-253.4704665
-254.2652242
-253.6854852
-253.122469
-253.9446123
-253.7679104
-252.9493681
-253.2518562
-254.2919612
-253.0400252
-252.4984836
-254.0487273
-252.0554748
-252.7765607
-253.8396194
-251.6165166
-254.4799212
-253.544242
-254.3650906
-252.2331405
-253.805999
-254.3223788
-254.6513362
-253.5199219
-253.6604334
-254.2372733
-253.480769
-253.2358837
-254.4273098
-253.0254097
-253.4348492
-254.1678829
-253.5689108
-252.9224205
-253.9457932
-254.8037001
-254.3833599
-254.0465405
-254.6454243
-254.8010223
-254.0970162
-254.0596198
-253.7743201
-254.2736425
-255.0127695
-253.3833734
-254.8572045
-255.5662049
-254.9671847
-253.2499298
-255.0374949
-254.5290978
-253.5271626
-254.2017969
-254.0941714
-254.5928199
-254.7093632
-255.3281728
-254.8649878
-253.2203956
-253.4027555
-254.4515215
-254.8229163
-255.3968296
-253.9107984
-252.7308272
-254.4641695
-253.7853773
-252.3134453
-253.8666818
-253.6784653
-254.2827768
-253.1971405
-251.9675354
-253.8300857
-253.1540639
-252.8890003
-254.3654008
-252.685691
-253.5519348
-254.2868593
-252.9249537
-253.5191956
-252.9070299
-252.8182069
-252.5610135
-254.5607008
-252.7515771
-254.1764937
-252.7463727
-254.6070161
-254.6228982
-253.7290807
-253.5234875
-254.419524
-252.4722857
-254.0182588
-252.8177628
-252.5657535
-252.9971762
-252.6065437
-253.8356693
-253.3003449
-254.5404169
-254.2018698
-252.415092
-253.809132
-253.2285273
-253.5805842
-253.0391996
-253.9834905
-254.2866855
-254.6565492
-254.139219
-254.6755401
-255.3489098
-254.4633583
-254.5331127
-254.8312703
-254.0026042
-253.3821527
-255.0398939
-254.939225
-250.872447
-254.0926744
-252.921375
-253.3608127
-253.4496755
-253.2685513
-252.4201389
-253.0897629
-254.2696253
-253.6372518
-253.1063116
-253.2499184
-252.3987531
-253.3692709
-253.7008942
